20 19 18 17 16 15 14 13 12 11 10 9 8 7 6 5 4 3 2 1 
19 20 19 18 17 16 15 14 13 12 11 10 9 8 7 6 5 4 3 2 
18 19 20 19 18 17 16 15 14 13 12 11 10 9 8 7 6 5 4 3 
17 18 19 20 19 18 17 16 15 14 13 12 11 10 9 8 7 6 5 4 
16 17 18 19 20 19 18 17 16 15 14 13 12 11 10 9 8 7 6 5 
15 16 17 18 19 20 19 18 17 16 15 14 13 12 11 10 9 8 7 6 
14 15 16 17 18 19 20 19 18 17 16 15 14 13 12 11 10 9 8 7 
13 14 15 16 17 18 19 20 19 18 17 16 15 14 13 12 11 10 9 8 
12 13 14 15 16 17 18 19 20 19 18 17 16 15 14 13 12 11 10 9 
11 12 13 14 15 16 17 18 19 20 19 18 17 16 15 14 13 12 11 10 
10 11 12 13 14 15 16 17 18 19 20 19 18 17 16 15 14 13 12 11 
9 10 11 12 13 14 15 16 17 18 19 20 19 18 17 16 15 14 13 12 
8 9 10 11 12 13 14 15 16 17 18 19 20 19 18 17 16 15 14 13 
7 8 9 10 11 12 13 14 15 16 17 18 19 20 19 18 17 16 15 14 
6 7 8 9 10 11 12 13 14 15 16 17 18 19 20 19 18 17 16 15 
5 6 7 8 9 10 11 12 13 14 15 16 17 18 19 20 19 18 17 16 
4 5 6 7 8 9 10 11 12 13 14 15 16 17 18 19 20 19 18 17 
3 4 5 6 7 8 9 10 11 12 13 14 15 16 17 18 19 20 19 18 
2 3 4 5 6 7 8 9 10 11 12 13 14 15 16 17 18 19 20 19 
1 2 3 4 5 6 7 8 9 10 11 12 13 14 15 16 17 18 19 20 
